9.45102494879282e+23
5.62341696146802e+23
3.20131280945773e+23
2.83635102617841e+23
5.89820737174347e+23
4.79753800998352e+23
5.70825353557857e+23
1.6786555974749e+24
7.01967028613643e+23
8.02975602313501e+23
9.64527791061513e+23
8.98733827951466e+23
7.07884431665033e+23
5.97094370822187e+23
2.24506249589169e+23
4.72159711114358e+23
4.57658049581566e+23
3.31649718193598e+23
3.07078319690157e+23
7.27512743013257e+23
1.50611766108906e+24
1.13240553142605e+24
1.00697527980878e+24
3.43769012230849e+23
7.56590271906883e+23
4.0102243731207e+23
8.37204739837216e+23
8.37113777239338e+23
1.22160564850388e+24
4.87144937451739e+23
4.36340069292124e+23
1.92305716426752e+23
5.93343757293163e+23
1.07802105923599e+24
9.53927620355753e+23
5.46321348293531e+23
2.9131005386632e+23
1.13353978862983e+24
1.16417699364028e+24
1.39661703898072e+24
4.47271853618211e+23
1.93810126597069e+23
7.9314015001858e+23
7.95168883147191e+23
6.03900488207643e+23
7.29677215147508e+23
5.05443946031676e+23
6.4145027122952e+23
8.53487100977892e+23
3.40694707031014e+23
6.00309375316525e+23
5.73130386533405e+23
6.60510790152078e+23
4.33469608253608e+23
6.58127992008642e+23
9.75014356072457e+23
5.8779558634151e+23
6.29889625049217e+23
3.64609847335851e+23
2.69216427723953e+23
5.36519403052514e+23
7.1076291338089e+23
4.21458315674258e+23
3.18045634803562e+23
6.75566048046208e+23
4.82493394117921e+23
6.74384852174265e+23
3.44154901706237e+23
3.45028843342935e+23
1.42690812636036e+24
1.44182978366567e+24
7.62674059406642e+23
3.9233591355913e+23
1.54489824552251e+24
7.64107996924134e+23
6.78674855187832e+23
1.33448262852706e+24
6.28052751845237e+23
8.49842057857235e+23
5.7005753845287e+23
8.32224443203623e+23
4.54572373447013e+23
5.10694227809959e+23
4.28930828407152e+23
4.34402124873661e+23
8.96692424864078e+23
1.09305138566935e+24
6.70303501209484e+23
4.43303168475463e+23
5.51909629661605e+23
8.03991649479592e+23
5.73029393897567e+23
1.01706472191929e+24
7.28691961281223e+23
9.1748169949182e+23
3.1222235670648e+23
5.94701120224291e+23
3.71147537773936e+23
5.80916946501288e+23
5.36578704467338e+23
